2012.2000000000003
2012.2000000000003
2012.2000000000003
2012.2000000000003
2012.2000000000003
2012.2000000000003
2012.2000000000003
0
2012.2000000000003
2012.2000000000003
2012.2000000000003
2012.2000000000003
2012.2000000000003
2012.2000000000003
2012.2000000000003
2012.2000000000003
 Total Sales: 2012.20000000000032012.2000000000003
2012.2000000000003
2012.2000000000003
2012.2000000000003
2012.2000000000003
2012.2000000000003
2012.2000000000003
2012.2000000000003
2012.2000000000003
2012.2000000000003
2012.2000000000003
2012.2000000000003
2012.2000000000003
2012.2000000000003
2012.2000000000003
2012.2000000000003
2012.2000000000003
2012.2000000000003
2012.2000000000003
2012.2000000000003
2012.2000000000003
2012.2000000000003
2012.2000000000003
2012.2000000000003
